Challenge 1 3 Layers of Cryptography


Can you make it through all of the encodings and ciphers?


00101101 00101110 00101110 00100000 00101101 00101110 00101110 00101101 00100000 00101110 00101101 00101110 00100000 00101101 00101101 00100000 00101101 00101110 00101110 00101110 00100000 00101101 00101101 00101110 00100000 00101110 00101110 00101101 00101110 00100000 00101101 00101110 00100000 00101110 00100000 00101110 00101110 00101101 00101101 00101101 00100000 00101110 00101110 00101110 00101110 00101110 00100000 00101110 00101110 00101110 00101101 00100000 00101101 00101110 00101110 00100000 00101110 00101101 00101101 00101101 00101101 00100000 00101101 00101101 00101101 00101101 00101110 00100000 00101110 00101110 00101110 00101110 00101110 00100000 00101101 00101110 00101110 00101110 00100000 00101110 00101110 00101110 00101101 00101101 00100000 00101110 00101110 00101110 00101101 00100000 00101101 00101110 00101101 00101101 00100000 00101101 00101101 00101110 00101110 00100000 00101110 00101110 00101110 00101101 00100000 00101101 00101101 00101101 00101101 00101110 00100000 00101110 00101101 00101101 00100000 00101101 00101110 00101110 00101110 00100000 00101101 00101101 00101110 00100000 00101110 00101110 00101101 00101110 00100000 00101110 00101110 00101110 00101110 00101110 00100000 00101110 00101101 00100000 00101110 00101101 00101101 00100000 00101110 00101110 00101110 00101110 00101110 00100000 00101101 00101110 00100000 00101101 00101110 00101110 00101101 00100000 00101110 00101110 00101110 00101101 00101101 00100000 00101101 00101110 00101110 00100000 00101110 00101101 00101101 00101110 00100000 00101101 00101110 00101110 00100000 00101101 00101101 00101110 00100000 00101110 00101110 00101110 00101110 00100000 00101110 00101110 00101101 00101110 00100000 00101101 00101110 00101101 00101101 00100000 00101110 00101110 00101110 00101101 00101101 00100000 00101110 00101101 00101101 00101101 00100000 00101110 00101110 00101110 00101110 00101110 00100000 00101101 00101110 00101101 00101110 00100000 00101110 00101110 00101110 00101110 00100000 00101110 00101101 00101110 00100000 00101110 00101110 00101110 00101101 00100000 00101110 00101110 00101101 00101110 00100000 00101101 00101101 00101110 00101101 00100000 00101101 00101110 00101110 00101110 00101101 00100000 00101101 00101110 00101110 00101110 00101101


MBB....... What could this be






